2500035	1117958
2500399	1118091
2500541	1118270
2500586	1118280
2500628	1118282
2500643	1118307
2500638	1118342
2500795	1118539
2500962	1118420
2501096	1118430
2501039	1118428
2500977	1118438
2500917	1118463
2500802	1118551
2500810	1118594
2500815	1118627
2500790	1118737
2500772	1118885
2500737	1119059
2500698	1119270
2500725	1119323
2500752	1119338
2500762	1119396
2500770	1119479
2500830	1119526
2500860	1119607
2500870	1119672
2500855	1119728
2500822	1119768
2500775	1119826
2500733	1119878
2500690	1119936
2500678	1120022
2500573	1120170
2500528	1120288
2500553	1120369
2500566	1120409
2500571	1120439
2500581	1120494
2500603	1120602
2500600	1120638
2500623	1120783
2500625	1120834
2500658	1120836
2500655	1120864
2500615	1120929
2500685	1121027
2500683	1121100
2500670	1121183
2500645	1121284
2500660	1121394
2500680	1121419
2500703	1121522
2500723	1121701
2500777	1121837
2500795	1121915
2500799	1121985
2500842	1122043
2500849	1122076
2500812	1122227
2500822	1122257
2500854	1122272
2500869	1122340
2500909	1122375
2500917	1122408
2500902	1122468
2500854	1122524
2500794	1122567
2500739	1122642
2500761	1122698
2500739	1122730
2500734	1122844
2500736	1122892
2500746	1122985
2500759	1123038
2500812	1123101
2500829	1123141
2500879	1123194
2500924	1123252
2500949	1123209
2500977	1123184
2500964	1123211
2500959	1123244
2500982	1123279
2501009	1123307
2501034	1123325
2501052	1123352
2501075	1123405
2501107	1123461
2501117	1123498
2501172	1123650
2501225	1123798
2501257	1123864
2501297	1123934
2501330	1123967
2501380	1124002
2501443	1124063
2501495	1124128
2501538	1124206
2501570	1124289
2501621	1124314
2501691	1124347
2501736	1124362
2501783	1124362
2501831	1124355
2501863	1124342
2501899	1124309
2501904	1124282
2501881	1124244
2501919	1124277
2501924	1124337
2501946	1124420
2501951	1124498
2501971	1124526
2502071	1124947
2502084	1124982
2502096	1125025
2502116	1125052
2502207	1125229
2502177	1125271
2502219	1125271
2502269	1125377
2502232	1125375
2502234	1125453
2502282	1125443
2502297	1125546
2502274	1125584
2502314	1125586
2502272	1125604
2502254	1125692
2502247	1125745
2502229	1125785
2502194	1125916
2502156	1125921
2502056	1126143
2502046	1126181
2502009	1126354
2502029	1126480
2502049	1126518
2502081	1126538
2502114	1126604
2502111	1126646
2502121	1126697
2502184	1126916
2502212	1126923
2502229	1127082
2502249	1127165
2502362	1127163
2502357	1127193
2502307	1127238
2502279	1127319
2502247	1127415
2502237	1127538
2502252	1127692
2502277	1127830
2502304	1127923
2502322	1127959
2502362	1128049
2502437	1128105
2502555	1128238
2502617	1128263
2502667	1128261
2502675	1128210
2502640	1128200
2502602	1128215
2502575	1128210
2502595	1128183
2502657	1128183
2502700	1128210
2502723	1128253
2502760	1128291
2502825	1128364
2502880	1128429
2502943	1128520
2502975	1128606
2502998	1128666
2503051	1128744
2503098	1128785
2503123	1128840
2503156	1128817
2503168	1128898
2503143	1128908
2503151	1128963
2503183	1128958
2503218	1129107
2503364	1129258
2503411	1129336
2503484	1129457
2503547	1129575
2503622	1129686
2503684	1129784
2503734	1129842
2503860	1129925
2503942	1130019
2503967	1130031
2504002	1130011
2504135	1130144
2504165	1130192
2504168	1130230
2504263	1130394
2504265	1130419
2504368	1130550
2504403	1130532
2504391	1130578
2504403	1130628
2504426	1130683
2504493	1130812
2504558	1130996
2504561	1131069
2504576	1131132
2504608	1131179
2504636	1131222
2504644	1131268
2504664	1131315
2504684	1131371
2504719	1131436
2504744	1131479
2504751	1131527
2504764	1131587
2504801	1131648
2504841	1131696
2504836	1131731
2504861	1131809
2504876	1131859
2504869	1131895
2504844	1132000
2504836	1132043
2504839	1132215
2504876	1132295
2504924	1132371
2505017	1132504
2505052	1132514
2505179	1132688
2505197	1132721
2505207	1132764
2505215	1132801
2505207	1132829
2505215	1132854
2505172	1132962
2505185	1132993
2505172	1133036
2505179	1133086
2505205	1133149
2505230	1133159
2505230	1133219
2505220	1133383
2505237	1133411
2505210	1133532
2505212	1133607
2505225	1133668
2505242	1133705
2505300	1133731
2505330	1133786
2505367	1133849
2505425	1133904
2505473	1133952
2505500	1133995
2505507	1134008
2505522	1134028
2505561	1134068
2505589	1134166
2505634	1134251
2505664	1134281
2505686	1134359
2505711	1134472
2505764	1134507
2505813	1134544
2505871	1134554
2505911	1134722
2505931	1134810
2505953	1134898
2505983	1134908
2506053	1134941
2506098	1134998
2506183	1135061
2506183	1135106
2506190	1135141
2506210	1135232
2506235	1135299
2506305	1135385
2506322	1135415
2506355	1135415
2506380	1135465
2506430	1135508
2506480	1135560
2506557	1135585
2506649	1135625
2506739	1135726
2506769	1135751
2506816	1135824
2506864	1135871
2506974	1135964
2507061	1136072
2507096	1136117
2507123	1136170
2507171	1136225
2507226	1136290
2507253	1136285
2507256	1136330
2507300	1136393
2507338	1136491
2507348	1136609
2507370	1136671
2507375	1136752
2507383	1136789
2507418	1136789
2507460	1136862
2507483	1136892
2507565	1136907
2507657	1136972
2507660	1137013
2507720	1137085
2507772	1137138
2507812	1137161
2507842	1137206
2507879	1137233
2507914	1137211
2507929	1137241
2507922	1137271
2508046	1137459
2508094	1137534
2508139	1137574
2508179	1137595
2508234	1137610
2508289	1137507
2508286	1137547
2508303	1137607
2508308	1137670
2508301	1137702
2508316	1137773
2508311	1137865
2508351	1137966
2508396	1137993
2508453	1138013
2508443	1138044
2508653	1138217
2508693	1138237
2508930	1138435
2509005	1138462
2509132	1138518
2509144	1138545
2509187	1138588
2509214	1138638
2509341	1138638
2509386	1138638
2509571	1138628
2509686	1138600
2509751	1138580
2509753	1138555
2509790	1138540
2509903	1138485
2509878	1138462
2509880	1138437
2509920	1138437
2509895	1138410
2509953	1138417
2510042	1138402
2510127	1138402
2510222	1138370
2510287	1138355
2510399	1138314
2510429	1138352
2510477	1138400
2510497	1138475
2510724	1138931
2510769	1138934
2510803	1138974
2510861	1138974
2510958	1138992
2511028	1139044
2511048	1139102
2511045	1139155
2511050	1139215
2511098	1139310
2511113	1139403
2511098	1139481
2511060	1139606
2511021	1139764
2511013	1139922
2511028	1140038
2511068	1140118
2511140	1140188
2511255	1140309
2511360	1140416
2511427	1140519
2511462	1140582
2511515	1140675
2511624	1140860
2511672	1140931
2511719	1141064
2511724	1141119
2511707	1141262
2511689	1141412
2511694	1141477
2511694	1141618
2511714	1141761
2511739	1141861
2511819	1141992
2511876	1142039
2511919	1142049
2511964	1142047
2512006	1142032
2512046	1141997
2512116	1142017
2512168	1142047
2512208	1142072
2512248	1142122
2512208	1142205
2512263	1142265
2512318	1142320
2512413	1142350
2512518	1142380
2512665	1142486
2512727	1142531
2512837	1142566
2512902	1142624
2512972	1142674
2513109	1142860
2513184	1142927
2513194	1142993
2513266	1143100
2513361	1143216
2513468	1143281
2513533	1143389
2513605	1143477
2513703	1143582
2513785	1143675
2513845	1143750
2513850	1143815
2513850	1143916
2513892	1144039
2513935	1144129
2513950	1144161
2513995	1144202
2514035	1144219
2514077	1144214
2514177	1144237
2514202	1144249
2514252	1144292
2514331	1144357
2514374	1144402
2514396	1144450
2514436	1144515
2514466	1144540
2514529	1144570
2514558	1144583
2514601	1144623
2514646	1144688
2514681	1144723
2514763	1144753
2514845	1144768
2514905	1144786
2514945	1144814
2514996	1144859
2515002	1144866
2515115	1144997
2515185	1145083
2515275	1145277
2515315	1145262
2515320	1145312
2515340	1145363
2515370	1145426
2515413	1145496
2515465	1145589
2515565	1145539
2515575	1145468
2515570	1145441
2515545	1145476
2515533	1145514
2515565	1145539
2515465	1145589
2515520	1145665
2515595	1145738
2515665	1145771
2515753	1145856
2515803	1145861
2515830	1145889
2515858	1145924
2515883	1145980
2515908	1145980
2515993	1146020
2516013	1146050
2516056	1146043
2516076	1146081
2516093	1146111
2516171	1146146
2516203	1146146
2516253	1146121
2516291	1146118
2516341	1146078
2516338	1146121
2516408	1146131
2516476	1146106
2516531	1146103
2516546	1146131
2516601	1146141
2516673	1146184
2516708	1146197
2516758	1146207
2516818	1146222
2516848	1146214
2516908	1146227
2516986	1146244
2517031	1146242
2517088	1146247
2517141	1146262
2517171	1146262
2517201	1146270
2517286	1146250
2517319	1146262
2517371	1146257
2517406	1146270
2517434	1146305
2517476	1146328
2517694	1146365
2517751	1146401
2517874	1146446
2517919	1146446
2517996	1146496
2518096	1146529
2518146	1146559
2518206	1146565
2518269	1146567
2518324	1146562
2518404	1146539
2518464	1146507
2518642	1146459
2518672	1146466
2518804	1146532
2518964	1146459
2519064	1146396
2519099	1146376
2519172	1146333
2519227	1146295
2519292	1146234
2519339	1146164
2519367	1146121
2519407	1146108
2519429	1146136
2519472	1146129
2519482	1146096
2519507	1146073
2519537	1146045
2519542	1146013
2519542	1145965
2519570	1145977
2519555	1145940
2519662	1145927
2519745	1145877
2519802	1145854
2519862	1145831
2519935	1145826
2520022	1145834
2520077	1145834
2520185	1145829
2520265	1145803
2520327	1145796
2520387	1145803
2520472	1145829
2520510	1145839
2520658	1145929
2520768	1145985
2520825	1146005
2520873	1146045
2520875	1146124
2520880	1146169
2520903	1146217
2520930	1146247
2520965	1146267
2521033	1146297
2521093	1146330
2521135	1146338
2521203	1146396
2521258	1146418
2521350	1146509
2521398	1146537
2521488	1146617
2521553	1146675
2521585	1146685
2521728	1146786
2521828	1146844
2521853	1146854
2521921	1146842
2521911	1146869
2521976	1146902
2522033	1146907
2522066	1146925
2522188	1146953
2522333	1146983
2522391	1146968
2522471	1146975
2522591	1147013
2522656	1147026
2522711	1147048
2522793	1147053
2522856	1147074
2522903	1147071
2522961	1147071
2523079	1147104
2523154	1147104
2523211	1147126
2523319	1147167
2523364	1147182
2523421	1147220
2523489	1147260
2523546	1147275
2523611	1147293
2523751	1147336
2523831	1147384
2523894	1147401
2523934	1147396
2524004	1147447
2524039	1147469
2524056	1147535
2524059	1147578
2524064	1147623
2524101	1147661
2524182	1147696
2524162	1147724
2524187	1147749
2524329	1147867
2524404	1147923
2524454	1147963
2524527	1147968
2524554	1147966
2524679	1147940
2524777	1147940
2524819	1147925
2524952	1147908
2524977	1147938
2524934	1148132
2524939	1148172
2524924	1148220
2524919	1148268
2524969	1148467
2524982	1148613
2524987	1148646
2524994	1148674
2525049	1148764
2525112	1148843
2525142	1148855
2525252	1148953
2525325	1149024
2525410	1149092
2525457	1149142
2525517	1149205
2525540	1149241
2525570	1149284
2525622	1149301
2525792	1149339
2525830	1149331
2525895	1149324
2525940	1149311
2525990	1149294
2526025	1149276
2526052	1149253
2526087	1149243
2526140	1149251
2526202	1149271
2526242	1149304
2526312	1149301
2526347	1149309
2526355	1149349
2526450	1149372
2526533	1149392
2526555	1149442
2526578	1149495
2526575	1149722
2526578	1149813
2526583	1149921
2526610	1150007
2526648	1150085
2526770	1150249
2526825	1150319
2526890	1150428
2526943	1150460
2527038	1150428
2526953	1150478
2526970	1150541
2527023	1150569
2527073	1150569
2527150	1150554
2527203	1150599
2527330	1150654
2527418	1150667
2527423	1150692
2527480	1150682
2527475	1150753
2527498	1150818
2527513	1150785
2527563	1150743
2527600	1150750
2527696	1150864
2527728	1150906
2527783	1150952
2527753	1150964
2527758	1151012
2527776	1151053
2527813	1151085
2527866	1151136
2527891	1151116
2527911	1151151
2527988	1151219
2528006	1151244
2528111	1151446
2528111	1151483
2528088	1151509
2528053	1151526
2528043	1151579
2528048	1151609
2528063	1151645
2528088	1151675
2528131	1151733
2528161	1151771
2528201	1151783
2528288	1151849
2528346	1151909
2528393	1151950
2528466	1152003
2528563	1152045
2528693	1152071
2528809	1151982
2528889	1151929
2528959	1151940
2528956	1151977
2528979	1152126
2528986	1152066
2528999	1151965
2529041	1151962
2529079	1152005
2529109	1152005
2529206	1152068
2529339	1152043
2529386	1152035
2529549	1151967
2529641	1151932
2529709	1151904
2529851	1151841
2529951	1151771
2529999	1151740
2530037	1151708
2530282	1151521
2530504	1151335
2530639	1151211
2530722	1151123
2530792	1151105
2530839	1151083
2530897	1151068
2530954	1151050
2530969	1151146
2530997	1151143
2531004	1151032
2531022	1151078
2531097	1151098
2531215	1151108
2531255	1151121
2531280	1151100
2531300	1151133
2531480	1151103
2531575	1151116
2531682	1151095
2531825	1151080
2531865	1151080
2532082	1151080
2532125	1151058
2532222	1151063
2532313	1151070
2532405	1151088
2532496	1151098
2532510	1151149
2532558	1151147
2532608	1151165
2532668	1151233
2532735	1151268
2532758	1151316
2532738	1151369
2532850	1151495
2532908	1151558
2532970	1151614
2533038	1151644
2533098	1151662
2533168	1151672
2533225	1151690
2533255	1151687
2533320	1151697
2533405	1151743
2533485	1151758
2533518	1151758
2533563	1151745
2533570	1151773
2533640	1151798
2533685	1151864
2533723	1151899
2533788	1151960
2533830	1151960
2533805	1151998
2533833	1152043
2533840	1152068
2533878	1152096
2533913	1152088
2533981	1152134
2533991	1152159
2534021	1152177
2534013	1152205
2534038	1152227
2534348	1152295
2534501	1152250
2534621	1152205
2534656	1152172
2534686	1152162
2534776	1152220
2534836	1152265
2534863	1152288
2534898	1152313
2534951	1152303
2535051	1152258
2535116	1152227
2535186	1152177
2535251	1152129
2535298	1152114
2535458	1151962
2535518	1151909
2535571	1151859
2535606	1151816
2535613	1151783
2535641	1151755
2535668	1151755
2535701	1151717
2535681	1151637
2535721	1151632
2535724	1151601
2535749	1151604
2535784	1151594
2535784	1151556
2536001	1151483
2536029	1151616
2536241	1151621
2536254	1151533
2536279	1151526
2536296	1151553
2536341	1151510
2536399	1151500
2536444	1151472
2536496	1151467
2536549	1151457
2536589	1151447
2536634	1151435
2536699	1151414
2536741	1151384
2536794	1151351
2536839	1151321
2536869	1151281
2536851	1151233
2536964	1151122
2537059	1151225
2537119	1151167
2537274	1151051
2537264	1150998
2537311	1151013
2537351	1151028
2537437	1151064
2537637	1150879
2537602	1150743
2537659	1150859
2537739	1150786
2537719	1150705
2537859	1150771
2537797	1150834
2537782	1150874
2537809	1150945
2537877	1150953
2537919	1150932
2538012	1150963
2538057	1150980
2538122	1150995
2538189	1150985
2538237	1150970
2538394	1150907
2538489	1150869
2538619	1150814
2538792	1150748
2538809	1150723
2538842	1150723
2538859	1150761
2538864	1150720
2538932	1150715
2538974	1150695
2539004	1150708
2539012	1150746
2539072	1150768
2539099	1150771
2539169	1150806
2539205	1150824
2539397	1150809
2539427	1150804
2539467	1150786
2539582	1150796
2539682	1150819
2539740	1150796
2539800	1150776
2539857	1150761
2539900	1150758
2539925	1150773
2539997	1150804
2540025	1150826
2540077	1150829
2540120	1150841
2540200	1150821
2540237	1150836
2540240	1150773
2540355	1150766
2540430	1150748
2540447	1150796
2540515	1150811
2540570	1150814
2540615	1150806
2540597	1150735
2540645	1150672
2540822	1150602
2540857	1150662
2540855	1150602
2540887	1150642
2540933	1150619
2541010	1150607
2541075	1150594
2541158	1150569
2541185	1150561
2541283	1150602
2541355	1150599
2541528	1150622
2541618	1150602
2541668	1150576
2541748	1150576
2541805	1150539
2541803	1150480
2542078	1150274
2542095	1150327
2542380	1150314
2542548	1150193
2542623	1150185
2542686	1150094
2542731	1150125
2542756	1150130
2542848	1150107
2542888	1150069
2542921	1150036
2542976	1150024
2543016	1150039
2543091	1150029
2543151	1149993
2543221	1149953
2543258	1149938
2543343	1149913
2543461	1149829
2543578	1149751
2543671	1149660
2543761	1149595
2543873	1149501
2543991	1149395
2544068	1149312
2544163	1149218
2544238	1149140
2544303	1149072
2544348	1149064
2544421	1149024
2544476	1148979
2544539	1148933
2544586	1148895
2544679	1148842
2544746	1148769
2544806	1148711
2544884	1148638
2544934	1148602
2544976	1148585
2545016	1148605
2545044	1148605
2545134	1148633
2545179	1148638
2545221	1148628
2545269	1148597
2545304	1148597
2545344	1148613
2545369	1148620
2545441	1148613
2545521	1148600
2545599	1148613
2545646	1148615
2545711	1148686
2545769	1148762
2545856	1148840
2545944	1148878
2545986	1148885
2546034	1148878
2546129	1148903
2546166	1148880
2546199	1148880
2546242	1148898
2546317	1148883
2546314	1148830
2546234	1148845
2546204	1148840
2546259	1148820
2546312	1148812
2546347	1148827
2546372	1148845
2546447	1148852
2546474	1148845
2546524	1148883
2546564	1148885
2546609	1148875
2546664	1148890
2546722	1148868
2546749	1148837
2546832	1148767
2546877	1148759
2546912	1148731
2546939	1148698
2546982	1148691
2547112	1148613
2547177	1148557
2547242	1148522
2547329	1148418
2547409	1148315
2547449	1148279
2547469	1148242
2547537	1148206
2547592	1148181
2547654	1148125
2547727	1148024
2547779	1147959
2547847	1147901
2547967	1147812
2548065	1147754
2548227	1147663
2548332	1147610
2548422	1147557
2548540	1147494
2548647	1147449
2548785	1147386
2548902	1147320
2549032	1147252
2549122	1147209
2549227	1147169
2549262	1147138
2549332	1147141
2549570	1147080
2549597	1147085
2549647	1147070
2549703	1147085
2549733	1147103
2549813	1147128
2549855	1147133
2549933	1147121
2549978	1147138
2550013	1147216
2550057	1147231
2550132	1147226
2550217	1147203
2550322	1147173
2550414	1147140
2550511	1147089
2550586	1147048
2550673	1147010
2550776	1146980
2550868	1146959
2550940	1146937
2551013	1146871
2551055	1146896
2551100	1146899
2551162	1146893
2551339	1146853
2551402	1146822
2551456	1146792
2551514	1146769
2551544	1146764
2551589	1146777
2551646	1146779
2551629	1146728
2551576	1146716
2551551	1146728
2551544	1146703
2551551	1146662
2551569	1146637
2551599	1146617
2551636	1146614
2551678	1146647
2551736	1146683
2551758	1146749
2551858	1146736
2551900	1146726
2551990	1146716
2552015	1146685
2552065	1146685
2552102	1146673
2552137	1146698
2552190	1146683
2552294	1146690
2552424	1146678
2552466	1146678
2552511	1146662
2552599	1146500
2552666	1146498
2552706	1146454
2552788	1146462
2552930	1146498
2553077	1146495
2553222	1146503
2553324	1146480
2553399	1146432
2553422	1146399
2553451	1146366
2553469	1146315
2553514	1146155
2553556	1146132
2553601	1146018
2553611	1146005
2553650	1145997
2553660	1145930
2553660	1145905
2553660	1145877
2553660	1145852
2553655	1145827
2553657	1145799
2553657	1145772
2553657	1145747
2553655	1145722
2553652	1145689
2553657	1145664
2553690	1145641
2553715	1145626
2553740	1145621
2553765	1145631
2553792	1145609
2553820	1145584
2553845	1145576
2553870	1145563
2553895	1145551
2553922	1145536
2553947	1145523
2553972	1145511
2553997	1145501
2554022	1145491
2554047	1145473
2554065	1145448
2554090	1145436
2554127	1145476
2554185	1145471
2554222	1145418
2554397	1145378
2554430	1145365
2554507	1145348
2554538	1145358
2554790	1145285
2554795	1145245
2554805	1145280
2554928	1145257
2554923	1145230
2554965	1145222
2555093	1144828
2555123	1144796
2555143	1144720
2555193	1144718
2555248	1144688
2555308	1144658
2555313	1144620
2555365	1144530
2555400	1144525
2555440	1144475
2555505	1144319
2555510	1144204
2555528	1144156
2555568	1144126
2555578	1144161
2555660	1144201
2555728	1144231
2555826	1144264
2555921	1144291
2555956	1144279
2556023	1144289
2556068	1144266
2556071	1144234
2556126	1144241
2556178	1144264
2556226	1144251
2556243	1144219
2556273	1144194
2556291	1144244
2556363	1144249
2556448	1144216
2556523	1144221
2556596	1144209
2556666	1144126
2556718	1144088
2556763	1144096
2556798	1144053
2556858	1144043
2556931	1143918
2556981	1143897
2557016	1143780
2557016	1143719
2556993	1143672
2557059	1143626
2557136	1143561
2557219	1143526
2557226	1143486
2557256	1143463
2557249	1143501
2557316	1143383
2557369	1143526
2557444	1143586
2557524	1143559
2557531	1143499
2557744	1143338
2557756	1143293
2557806	1143273
2557826	1143228
2557856	1143210
2557891	1143243
2557931	1143268
2557996	1143260
2558076	1143250
2558191	1143283
2558317	1143300
2558437	1143333
2558489	1143345
2558562	1143373
2558642	1143388
2558737	1143366
2558814	1143310
2558892	1143238
2558992	1143167
2559034	1143090
2559184	1142977
2559242	1142909
2559287	1142831
2559329	1142738
2559347	1142663
2559347	1142608
2559324	1142492
2559299	1142395
2559287	1142339
2559284	1142292
2559354	1142209
2559442	1142124
2559507	1142078
2559572	1142061
2559652	1142076
2559737	1142124
2559825	1142186
2559922	1142166
2560002	1142146
2560082	1142103
2560142	1142021
2560200	1141925
2560252	1141822
2560297	1141752
2560337	1141657
2560380	1141592
2560410	1141549
2560415	1141439
2560400	1141366
2560387	1141296
2560390	1141185
2560465	1141090
2560530	1141027
2560592	1140987
2560655	1140934
2560685	1140879
2560707	1140749
2560715	1140658
2560710	1140598
2560707	1140540
2560705	1140503
2560677	1140490
2560660	1140463
2560665	1140420
2560690	1140380
2560715	1140382
2560750	1140397
2560788	1140360
2560818	1140294
2560863	1140222
2560910	1140099
2560945	1139978
2560948	1139835
2560938	1139725
2560915	1139632
2560863	1139514
2560818	1139429
2560765	1139341
2560737	1139333
2560707	1139288
2560645	1139208
2560517	1139133
2560497	1139100
2560515	1139012
2560530	1138902
2560495	1138799
2560470	1138716
2560437	1138636
2560372	1138541
2560240	1138475
2560147	1138438
2560092	1138413
2560040	1138538
2560007	1138546
2560057	1138433
2560037	1138405
2560055	1138355
2559990	1138310
2559940	1138322
2559775	1138307
2559637	1138869
2559617	1138352
2559527	1138378
2559447	1138352
2559352	1138395
2559324	1138408
2559267	1138410
2559204	1138450
2559164	1138468
2559109	1138450
2559047	1138475
2558989	1138483
2558917	1138468
2558839	1138458
2558787	1138463
2558734	1138448
2558679	1138448
2558592	1138470
2558539	1138448
2558472	1138403
2558429	1138357
2558417	1138330
2558349	1138292
2558294	1138272
2558231	1138250
2558156	1138295
2558096	1138305
2557979	1138302
2557899	1138317
2557814	1138357
2557774	1138378
2557714	1138367
2557521	1138852
2557479	1138839
2557619	1138468
2557551	1138438
2557489	1138430
2557441	1138400
2557376	1138373
2557256	1138370
2557071	1138350
2556973	1138360
2556928	1138388
2556886	1138388
2556776	1138317
2556678	1138267
2556626	1138247
2556581	1138250
2556528	1138257
2556491	1138307
2556411	1138260
2556361	1138255
2556231	1138167
2556171	1138144
2556061	1138099
2555978	1138104
2555901	1138097
2555831	1138132
2555781	1138177
2555665	1138222
2555603	1138247
2555545	1138285
2555503	1138337
2555473	1138312
2555588	1138122
2555683	1137959
2555818	1137826
2555981	1137667
2556118	1137534
2556223	1137417
2556313	1137291
2556386	1137193
2556401	1137156
2556351	1137128
2556233	1137289
2556093	1137434
2555958	1137565
2555848	1137662
2555760	1137745
2555660	1137831
2555580	1137923
2555520	1138014
2555468	1138099
2555435	1138187
2555373	1138214
2555333	1138267
2555293	1138267
2555278	1138207
2555265	1138164
2555280	1138207
2555303	1138252
2555335	1138199
2555340	1138174
2555310	1138149
2555408	1138021
2555423	1137921
2555445	1137783
2555455	1137740
2555480	1137708
2555463	1137627
2555478	1137557
2555438	1137494
2555393	1137484
2555365	1137452
2555368	1137422
2555343	1137402
2555343	1137329
2555300	1137389
2555245	1137452
2555215	1137447
2555300	1137331
2555145	1137253
2555060	1137339
2554998	1137384
2554938	1137424
2554808	1137452
2554658	1137537
2554593	1137577
2554455	1137607
2554395	1137607
2554240	1137595
2554240	1137560
2554090	1137494
2553975	1137487
2553702	1137417
2553490	1137379
2553285	1137334
2553204	1137321
2553044	1137379
2552954	1137424
2552789	1137439
2552642	1137502
2552597	1137577
2552464	1137610
2552342	1137635
2552232	1137690
2552227	1137740
2552099	1137841
2552022	1137833
2551906	1137841
2551774	1137873
2551686	1137901
2551571	1137999
2551486	1138054
2551411	1138094
2551351	1138162
2551331	1138232
2551281	1138287
2551186	1138295
2551061	1138270
2550909	1138242
2550743	1138222
2550596	1138177
2550493	1138139
2550296	1138149
2550168	1138149
2550023	1138227
2549981	1138272
2549828	1138312
2549653	1138352
2549498	1138405
2549348	1138475
2549223	1138553
2549128	1138608
2549003	1138661
2548918	1138694
2548843	1138686
2548753	1138679
2548643	1138719
2548553	1138764
2548513	1138789
2548443	1138794
2548416	1138807
2548365	1138835
2548340	1138848
2548298	1138863
2548273	1138873
2548238	1138886
2548213	1138896
2548150	1138927
2548125	1138935
2548070	1138950
2548045	1138958
2548003	1138965
2547977	1138971
2547922	1138978
2547897	1138986
2547855	1138996
2547830	1139004
2547805	1139014
2547780	1139035
2547722	1139109
2547697	1139134
2547677	1139160
2547660	1139186
2547637	1139211
2547612	1139234
2547587	1139260
2547532	1139265
2547484	1139278
2547447	1139283
2547394	1139265
2547332	1139265
2547264	1139309
2547156	1139332
2547086	1139373
2547024	1139396
2546944	1139409
2546829	1139421
2546741	1139432
2546691	1139419
2546483	1139455
2546433	1139478
2546373	1139483
2546265	1139516
2546012	1139521
2545950	1139539
2545785	1139580
2545727	1139618
2545577	1139654
2545377	1139718
2545246	1139759
2545131	1139821
2545084	1139846
2544994	1139882
2544861	1139849
2544778	1139849
2544643	1139890
2544458	1139862
2544303	1139862
2544148	1139841
2544123	1139841
2544040	1139852
2543955	1139887
2543810	1139890
2543667	1139898
2543567	1139903
2543507	1139880
2543349	1139905
2543209	1139903
2543099	1139910
2543011	1139931
2542831	1139928
2542676	1139928
2542528	1139918
2542413	1139908
2542288	1139898
2542153	1139841
2542047	1139788
2541922	1139790
2541870	1139816
2541704	1139844
2541579	1139844
2541484	1139836
2541364	1139795
2541214	1139729
2541131	1139698
2541104	1139703
2541039	1139675
2541041	1139649
2540863	1139580
2540756	1139562
2540691	1139585
2540298	1139562
2540182	1139562
2539977	1139583
2539809	1139608
2539637	1139613
2539469	1139662
2539374	1139693
2539234	1139713
2539074	1139700
2538983	1139700
2538828	1139662
2538783	1139657
2538585	1139657
2538523	1139647
2538433	1139693
2538355	1139726
2538318	1139726
2538232	1139693
2538170	1139657
2537869	1139593
2537694	1139554
2537604	1139575
2537527	1139552
2537499	1139562
2537471	1139565
2537329	1139544
2537226	1139542
2537046	1139480
2536876	1139455
2536741	1139444
2536615	1139424
2536525	1139421
2536423	1139465
2536335	1139449
2536207	1139416
2536205	1139385
2536180	1139393
2536082	1139362
2535977	1139350
2535829	1139350
2535787	1139327
2535759	1139344
2535729	1139339
2535567	1139296
2535409	1139293
2535316	1139286
2535204	1139291
2535138	1139278
2535053	1139265
2534856	1139347
2534733	1139378
2534588	1139370
2534475	1139329
2534292	1139293
2534302	1139263
2534247	1139234
2534130	1139211
2534005	1139204
2533812	1139140
2533782	1139147
2533717	1139134
2533687	1139106
2533526	1139076
2533434	1139055
2533419	1139030
2533361	1139030
2533301	1138999
2533198	1138986
2533138	1138976
2533103	1138945
2533048	1138945
2533016	1138960
2532973	1138958
2532903	1138971
2532853	1138945
2532743	1138919
2532625	1138886
2532510	1138850
2532500	1138829
2532438	1138817
2532403	1138829
2532378	1138786
2532315	1138771
2532218	1138774
2532097	1138721
2532047	1138696
2531885	1138643
2531750	1138607
2531700	1138615
2531602	1138554
2531470	1138547
2531282	1138519
2531245	1138534
2531122	1138580
2531012	1138635
2530962	1138627
2530872	1138673
2530737	1138744
2530610	1138829
2530525	1138860
2530412	1138935
2530322	1139021
2530227	1139082
2530147	1139127
2530107	1139165
2530102	1139203
2530094	1139178
2529972	1139258
2529877	1139321
2529807	1139357
2529709	1139415
2529627	1139473
2529564	1139518
2529504	1139553
2529429	1139604
2529369	1139435
2529327	1139435
2529267	1139463
2529192	1139395
2529164	1139427
2529194	1139473
2529217	1139518
2529209	1139594
2529212	1139667
2529089	1139677
2528892	1139697
2528739	1139687
2528636	1139664
2528484	1139606
2528391	1139566
2528291	1139511
2528336	1139422
2528401	1139367
2528384	1139326
2528321	1139339
2528279	1139405
2528244	1139483
2528181	1139447
2528126	1139389
2528081	1139336
2528036	1139294
2527949	1139286
2527876	1139278
2527804	1139220
2527714	1139180
2527621	1139127
2527541	1139069
2527411	1139046
2527261	1139016
2527191	1138981
2527124	1138918
2527066	1138842
2526893	1138723
2526746	1138597
2526638	1138484
2526538	1138368
2526476	1138267
2526463	1138108
2526491	1137802
2526473	1137641
2526473	1137389
2526473	1137275
2526423	1137149
2526353	1136982
2526303	1136801
2526218	1136723
2526153	1136680
2526068	1136513
2526111	1136483
2526031	1136432
2525938	1136397
2525831	1136384
2525743	1136384
2525643	1136329
2525588	1136256
2525526	1136223
2525433	1136170
2525368	1136137
2525246	1136094
2525190	1136102
2525163	1136094
2525155	1136066
2525063	1136019
2524995	1136014
2524915	1135971
2524800	1135905
2524685	1135860
2524555	1135802
2524428	1135728
2524368	1135701
2524288	1135688
2524230	1135670
2524223	1135635
2524100	1135585
2524013	1135529
2523918	1135458
2523793	1135416
2523693	1135357
2523575	1135287
2523420	1135241
2523320	1135173
2523265	1135113
2523107	1135040
2522947	1134969
2522735	1134888
2522515	1134805
2522350	1134752
2522225	1134770
2522085	1134765
2521947	1134795
2521825	1134775
2521684	1134770
2521532	1134749
2521412	1134737
2521352	1134760
2521267	1134785
2521192	1134790
2521107	1134777
2521024	1134729
2520974	1134659
2520924	1134563
2520884	1134469
2520849	1134399
2520782	1134310
2520707	1134235
2520629	1134134
2520564	1134023
2520507	1133937
2520447	1133854
2520379	1133791
2520319	1133738
2520257	1133710
2520184	1133697
2520087	1133697
2520022	1133697
2519992	1133687
2519921	1133619
2519854	1133503
2519791	1133389
2519726	1133278
2519669	1133160
2519609	1133049
2519561	1132940
2519514	1132860
2519466	1132769
2519394	1132678
2519334	1132625
2519266	1132602
2519194	1132600
2519121	1132605
2519041	1132615
2518956	1132643
2518864	1132675
2518781	1132701
2518709	1132723
2518671	1132744
2518644	1132764
2518634	1132726
2518574	1132746
2518519	1132769
2518461	1132799
2518374	1132847
2518304	1132892
2518249	1132920
2518196	1132945
2518191	1132981
2518093	1133031
2517988	1133036
2517868	1133072
2517718	1133132
2517621	1133183
2517538	1133228
2517501	1133248
2517431	1133238
2517336	1133316
2517276	1133364
2517206	1133440
2517168	1133468
2517066	1133483
2517008	1133490
2516926	1133596
2516896	1133720
2516871	1133806
2516841	1133871
2516781	1133955
2516736	1134008
2516736	1134098
2516758	1134169
2516758	1134237
2516711	1134290
2516631	1134386
2516568	1134472
2516498	1134568
2516428	1134674
2516368	1134775
2516365	1134886
2516388	1134913
2516383	1134946
2516348	1134989
2516305	1135042
2516270	1135095
2516243	1135153
2516255	1135224
2516268	1135302
2516263	1135370
2516268	1135433
2516268	1135476
2516255	1135537
2516263	1135569
2516300	1135612
2516305	1135663
2516293	1135691
2516248	1135713
2516208	1135703
2516155	1135731
2516095	1135776
2516015	1135834
2515948	1135892
2515885	1135938
2515803	1135988
2515733	1136026
2515660	1136031
2515595	1136008
2515503	1135971
2515420	1135961
2515338	1135978
2515308	1135998
2515258	1135996
2515195	1136024
2515103	1136039
2515015	1136049
2514963	1136002
2514920	1135994
2514860	1135994
2514808	1135994
2514773	1135964
2514708	1135937
2514633	1135957
2514556	1136004
2514509	1136047
2514416	1136125
2514366	1136167
2514314	1136155
2514306	1136127
2514267	1136097
2514187	1136167
2514247	1136090
2514239	1136059
2514202	1136004
2514099	1135931
2514032	1135891
2513955	1135871
2513945	1135919
2513830	1135914
2513563	1135876
2513523	1135861
2513466	1135806
2513431	1135778
2513341	1135766
2513246	1135743
2513144	1135701
2512989	1135610
2512942	1135600
2512879	1135605
2512834	1135615
2512807	1135625
2512767	1135636
2512722	1135633
2512685	1135610
2512645	1135578
2512612	1135558
2512580	1135528
2512562	1135455
2512552	1135407
2512445	1135329
2512325	1135272
2512261	1135219
2512161	1135121
2512106	1135084
2512014	1135051
2511919	1135028
2511814	1134966
2511727	1134888
2511649	1134808
2511542	1134717
2511430	1134637
2511340	1134562
2511255	1134477
2511178	1134391
2511098	1134278
2511026	1134196
2510966	1134153
2510918	1134110
2510883	1134058
2510861	1134020
2510863	1133985
2510867	1133995
2510772	1133957
2510717	1133889
2510667	1133872
2510604	1133851
2510607	1133811
2510577	1133811
2510577	1133786
2510577	1133761
2510587	1133736
2510589	1133675
2510582	1133617
2510577	1133569
2510587	1133474
2510589	1133438
2510579	1133396
2510587	1133330
2510577	1133292
2510489	1133131
2510434	1133030
2510369	1132902
2510284	1132731
2510206	1132570
2510151	1132476
2510096	1132401
2510046	1132373
2509996	1132348
2509931	1132250
2509838	1132121
2509780	1132033
2509733	1131940
2509703	1131844
2509630	1131731
2509583	1131673
2509492	1131603
2509437	1131565
2509420	1131535
2509422	1131507
2509432	1131477
2509410	1131416
2509375	1131351
2509330	1131310
2509267	1131280
2509217	1131258
2509159	1131210
2509114	1131162
2509079	1131152
2509064	1131114
2508966	1131001
2508959	1130968
2508939	1130913
2508979	1130882
2509009	1130822
2509054	1130706
2509089	1130610
2509094	1130575
2509089	1130530
2509062	1130452
2508999	1130323
2508944	1130187
2508889	1130019
2508829	1129988
2508811	1129945
2508809	1129898
2508738	1129706
2508713	1129593
2508648	1129487
2508501	1129248
2508445	1129155
2508380	1129062
2508318	1129004
2508210	1128958
2508167	1128951
2508090	1128915
2508025	1128860
2507940	1128830
2507874	1128817
2507824	1128817
2507807	1128782
2507759	1128792
2507734	1128769
2507724	1128737
2507737	1128706
2507764	1128674
2507772	1128591
2507774	1128513
2507792	1128452
2507807	1128364
2507824	1128288
2507849	1128205
2507864	1128160
2507832	1128062
2507757	1127956
2507712	1127888
2507624	1127785
2507576	1127699
2507511	1127583
2507434	1127432
2507406	1127336
2507368	1127248
2507341	1127213
2507306	1127155
2507273	1127075
2507186	1126999
2507070	1126931
2506930	1126845
2506810	1126777
2506745	1126750
2506707	1126707
2506665	1126619
2506620	1126561
2506595	1126503
2506549	1126420
2506502	1126367
2506449	1126269
2506399	1126188
2506342	1126115
2506264	1126007
2506206	1125931
2506179	1125868
2506156	1125798
2506124	1125730
2506101	1125662
2506044	1125553
2506001	1125465
2505926	1125357
2505856	1125271
2505801	1125213
2505741	1125113
2505665	1125067
2505635	1125042
2505600	1124914
2505545	1124813
2505495	1124735
2505400	1124654
2505347	1124617
2505280	1124523
2505230	1124493
2505185	1124488
2505139	1124476
2504957	1124486
2504846	1124466
2504784	1124455
2504686	1124440
2504581	1124415
2504551	1124428
2504511	1124410
2504506	1124372
2504481	1124355
2504416	1124330
2504363	1124274
2504323	1124209
2504285	1124148
2504258	1124093
2504238	1124035
2504243	1124002
2504238	1123969
2504200	1123891
2504173	1123831
2504140	1123801
2504143	1123760
2504110	1123710
2504083	1123682
2504052	1123642
2504047	1123559
2504067	1123496
2504072	1123423
2504020	1123264
2503972	1123169
2503952	1123126
2503955	1123098
2503975	1123012
2503992	1122955
2504007	1122917
2503987	1122771
2503950	1122667
2503937	1122589
2503897	1122547
2503892	1122443
2503857	1122441
2503847	1122406
2503835	1122348
2503830	1122285
2503850	1122196
2503850	1122144
2503867	1122101
2503895	1122058
2503940	1122055
2503985	1122053
2503997	1122025
2503997	1121972
2503999	1122003
2503979	1121910
2503966	1121862
2503961	1121786
2503974	1121713
2503971	1121663
2503954	1121575
2503929	1121487
2503891	1121467
2503884	1121427
2503884	1121399
2503874	1121329
2503832	1121276
2503799	1121201
2503787	1121103
2503707	1120907
2503652	1120851
2503578	1120753
2503391	1120444
2503204	1120245
2503129	1120100
2503092	1120087
2503074	1120057
2503102	1120044
2502818	1119526
2502790	1119474
2502501	1118928
2502387	1118898
2502347	1118873
2502332	1118901
2502230	1118870
2502200	1118835
2502282	1118745
2502332	1118652
2502167	1118546
2502145	1118571
2502088	1118523
2501746	1118310
2501622	1118259
2501550	1118277
2501522	1118350
2501495	1118340
2501525	1118239
2501440	1118177
2501413	1118161
2501136	1117985
2501026	1118141
2501014	1118204
2501017	1118134
2501119	1117968
2500852	1117789
2500591	1117882
2500511	1117865
2500449	1117822
2500287	1117872
2500177	1117865
2500065	1117840